00000000000000000000000000000000000000000000
00000000000000000000000000000000000000000000
00000000000000000000000000000000000000000000
00011111111111100000000011111110000000000000
00011111111111100000000011111110000000000000
00011111111111122222222211111110000001111000
00011111111111100000000011111112222221111000
00011111111111100000000011111110000001111000
00000000000000000000000000002000000000020000
00000000000000000000000000002222200000020000
00000000000000000000111110000000200000020000
00000000000000000000111110000011111110020000
00000000000000000000000200000011111110020000
00000001111111111111000200000011111111222000
00000001311111111111000200000011111110000000
00000001111111111111222222222211111110000000
00000001111111111111000000000011111110000000
00000000000000000000000000000000000000000000
00000000000000000000000000000000000000000000
00000000000000000000000000000000000000000000